period: 53.8393799261184
frequency: 0.018573765176572603